866
920
96
334
870
669
710
900
776
584
42
675
888
517
313
683
722
196
827
35
602
753
151
417
338
665
397
301
399
951
411
808
855
745
225
608
665
662
448
653
92
208
21
937
662
892
467
85
388
359
629
28
924
640
667
201
887
647
72
406
128
339
353
862
574
957
472
211
247
869
176
330
755
920
476
495
661
253
796
631
848
417
619
619
210
407
921
137
656
27
440
300
511
505
73
74
861
207
458
619
219
777
286
513
228
12
875
573
384
901
992
166
91
829
357
465
359
730
63
400
558
824
655
946
367
399
643
823
817
92
595
967
119
525
307
189
862
762
996
305
96
164
461
313
505
590
835
689
983
733
47
2
584
428
937
955
591
268
788
576
655
934
370
808
908
268
736
732
917
92
511
246
658
443
316
317
406
251
994
390
323
564
749
690
674
208
329
422
857
712
566
253
67
758
514
166
390
792
310
205
551
955
887
396
691
518
147
616
673
509
325
900
641
497
231
298
406
284
160
736
492
933
703
209
113
468
298
423
334
368
442
223
741
828
211
418
831
572
832
97
676
268
762
752
97
553
39
73
486
720
831
539
648
311
808
34
938
756
792
765
561
79
647
585
845
386
200
758
79
676
532
411
349
205
301
426
554
719
831
992
404
431
3
386
635
897
247
614
981
956
732
756
304
232
102
272
346
616
435
714
365
986
753
914
81
68
879
621
250
365
104
333
89
66
375
644
392
209
827
378
816
632
842
36
163
559
894
764
143
503
607
419
635
391
493
82
425
903
916
148
967
49
667
233
107
601
247
902
284
735
427
977
514
582
592
70
30
235
272
701
923
664
700
928
16
267
89
918
234
235
50
891
728
801
724
413
799
100
331
764
103
365
66
842
961
585
18
707
111
469
395
815
303
533
917
275
18
645
530
594
671
496
816
166
602
775
908
491
939
92
71
469
553
550
866
412
779
139
620
365
857
615
389
546
531
41
791
511
209
127
586
158
334
409
53
705
220
610
852
35
126
388
814
831
534
200
952
93
857
606
340
947
575
278
326
485
914
224
106
355
837
703
404
204
58
645
369
589
637
907
880
685
501
545
925
883
763
56
985
643
480
29
660
226
431
795
905
123
465
803
487
2
517
624
540
875
445
910
58
125
370
71
261
314
878
862
886
288
723
993
169
94
582
656
493
930
382
626
184
975
909
602
320
175
533
576
571
981
349
938
602
325
538
134
788
242
653
225
620
227
102
139
109
235
679
380
409
374
467
967
112
89
122
934
601
30
480
172
795
563
630
333
329
408
736
643
206
329
447
199
294
374
268
66
16
823
602
937
395
156
637
822
8
34
839
133
55
1
563
231
234
584
746
813
126
445
403
340
334
849
631
86
657
267
288
422
28
321
140
307
785
107
667
759
783
732
116
165
235
66
715
218
919
559
837
459
373
147
941
241
855
234
666
77
842
619
597
146
997
326
987
877
118
174
892
158
456
479
790
263
838
176
569
9
607
238
752
78
561
213
850
793
104
120
205
467
265
234
351
625
493
876
178
482
121
848
956
121
577
955
553
926
709
386
925
933
815
603
697
497
258
394
295
617
402
233
49
425
978
417
981
548
779
588
326
775
824
745
889
475
322
525
586
213
802
512
972
482
774
713
218
272
77
316
562
894
903
982
805
565
228
82
407
715
967
442
396
308
811
128
22
664
318
244
199
351
238
313
238
62
713
428
547
611
474
74
806
402
718
852
198
848
131
726
744
347
831
327
754
726
851
856
755
367
143
887
920
178
4
480
831
908
680
552
444
905
797
641
145
806
143
211
832
650
182
676
614
326
533
568
67
73
992
798
17
901
437
736
385
802
954
217
603
940
53
186
384
196
320
572
991
560
971
366
684
642
140
543
155
608
240
667
969
361
372
216
760
133
360
550
593
152
839
570
734
141
339
920
358
44
202
255
256
174
948
687
107
27
231
968
466
471
813
673
659
612
278
882
362
341
802
547
170
9
915
61
558
542
213
950
670
513
6
745
270
979
197
156
359
773
249
242
809
456
56
857
13
427
599
571
66
431
299
524
694
985
56
933
528
510
379
992
164
382
741
197
410
86
97
207
905
694
342
134
300
662
746
734
465
979
371
545
162
18
602
338
997
686
150
631
53
831
489
854
651
540
173
831
799
475
141
425
987
524
92
484
416
472
379
825
737
598
368
552
187
17
325
534
223
154
481
283
867
877
410
397
894
780
532
246
749
889
183
407
170
384
554
571
179
383
802
427
944
873
509
211
917
333
497
86