6303
3471
9299
776
5738
2104
7233
4888
252
8499
5610
4282
7973
2369
7259
7771
7162
2312
292
4093
958
3706
2595
2423
5629
2454
7813
2566
565
1599
2678
2503
9012
8997
4949
9733
5878
8320
1986
1346
7255
6730
296
6121
7746
3515
4656
3930
4645
3155
3940
6907
2183
1454
2370
2757
97
7354
5082
1272
9199
7267
6757
9381
6745
4496
4876
5411
8507
9158
1524
6470
7998
2253
3740
6350
2214
9603
3040
2102
9258
726
7339
9251
7011
49
6690
7470
797
9447
2495
143
4390
2322
8776
2661
4216
2057
2699
3614
3623
4623
2561
6856
5555
6385
8846
7703
71
2863
6947
4265
3395
6986
9245
8478
5860
9424
3055
3841
178
8881
840
2781
9683
1909
9510
8337
1624
6331
6305
6015
8506
6372
5474
1859
9405
8204
6705
2453
8333
4358
8068
6759
31
1461
806
4076
7219
6037
3622
4303
7325
6166
6507
3556
5550
6187
4356
2562
850
6363
714
6957
7927
4382
235
5337
4536
8933
5062
6239
4808
5144
8693
3113
4290
7759
4191
6336
4163
6661
4247
5420
6973
4847
5997
5031
5529
842
575
1196
9793
2714
9664
3763
2814
1890
1386
9866
6936
6837
3212
3228
9828
456
2875
1251
8955
6252
2088
6015
9154
5197
3884
9582
3545
4899
4801
3482
9258
4605
5889
805
313
2964
6793
8959
6493
5622
7986
3172
5105
291
7694
6631
9932
8649
4521
1081
6687
9368
6813
1035
4203
6153
8491
2067
4861
1722
9142
6478
416
6463
9718
620
3268
379
9925
3877
7409
1323
4252
484
9029
1802
4600
5363
3446
3655
8367
7547
6787
2187
8240
5161
9116
3482
1602
1124
1753
6844
1722
1936
5686
5823
6801
4076
4333
9836
944
4466
620
4825
1271
4826
340
2504
7730
2563
4545
1432
596
7569
4308
3676
1028
185
4076
4528
294
7062
8321
5174
5523
3554
9144
5340
7247
1834
1162
7370
2551
3113
1800
278
7372
7057
5651
667
8182
6812
478
2583
5826
1194
3682
3503
7017
970
5510
6326
9068
5891
7164
8216
3669
5234
9958
6468
413
5635
3738
4594
1874
6078
2793
8315
3506
7602
8756
8843
7504
2771
9807
5292
6351
4333
7885
4254
3089
8056
4180
9951
4665
9926
9091
6397
1985
7753
5663
5930
5304
5845
2464
3726
8729
7782
2741
675
9098
1728
539
5923
1136
3367
1813
1474
2541
8157
1147
1052
4048
2096
9742
373
5978
8402
2047
4411
4036
9765
8607
2170
353
2216
9156
4454
459
5068
3761
6929
5652
5569
1854
8808
3434
1683
5133
9238
2526
8063
6287
7370
3251
5033
5612
9580
1643
3587
2527
9927
3638
4069
3422
6795
4774
4971
692
6496
7596
2077
3461
6147
6647
4363
2214
8571
7151
8823
2270
2812
572
7025
2321
9282
8543
2368
7143
555
706
9163
3734
4811
3138
4332
9752
3010
8960
4758
9135
4268
6950
3077
600
3561
7755
1339
7283
7859
73
9450
9713
8840
2458
673
9616
6508
5538
6445
818
8500
6607
2670
3062
4535
4291
5548
9926
9247
1297
4845
3199
7683
9800
1907
2336
6791
5621
3286
9805
1427
6276
4336
3594
2010
8148
3422
39
6922
4755
3959
3494
1119
1646
5527
9622
3542
8469
8699
1669
7185
1946
1269
1453
7235
2792
6103
3148
1468
5849
1032
7159
5673
5912
9214
6152
1156
6501
8446
4968
673
7600
2639
3604
1654
5962
5448
4531
2908
3922
7995
9
339
7726
7214
3101
4281
5121
5297
9119
6078
6269
1865
6666
7655
3933
4579
8283
849
9020
1661
3173
8406
1858
1515
6922
6647
1470
881
3218
2636
458
1771
1173
8674
6981
8865
5187
8849
6769
2542
6582
2012
9089
7280
5460
784
6068
7263
3225
5448
7605
124
3174
8342
5360
9366
6470
4213
8256
4006
8542
2109
646
3218
4951
5432
629
3438
4883
7649
7641
1628
8916
2107
4906
2045
5647
607
9587
9795
5332
1941
927
9878
3037
4768
2458
1406
226
5733
926
3375
4857
1935
8382
9357
1722
5150
1761
5363
1758
3990
2786
4706
8153
8784
8004
2051
2281
9681
7880
6908
5259
8506
3803
2817
7410
5233
3137
1464
8254
2306
2239
6132
1380
9821
6632
9893
7755
4076
3740
8898
5145
1477
4257
8607
6295
2297
1530
6521
8326
6219
4415
3871
9171
8010
9951
6924
5428
2256
4891
4854
3234
3239
335
9337
5105
2382
9597
1922
7635
8238
7195
7507
2376
8057
2705
6846
5468
1123
437
5596
5047
6373
3538
4508
9861
9405
9867
787
7973
9206
9230
9731
1227
6297
4567
6796
272
7707
9932
7331
477
2615
7128
6909
5241
1422
3745
7072
950
1104
8205
2834
2779
7276
4913
3699
1042
7255
5015
105
1087
2643
3609
8456
3031
9787
3349
9171
465
1416
2719
8552
5570
2788
7565
3451
5961
7274
4412
3807
7402
6289
2974
9256
6092
8287
4793
6967
7090
2818
733
4911
2365
6165
291
5038
8464
296
268
4866
14
5194
3485
873
1906
2886
7417
2492
3177
3039
7047
5329
2855
6411
1271
2944
5548
8533
1896
7311
6930
2963
9625
8368
2657
405
1854
2157
3884
2452
4284
2731
1436
6992
7721
4446
9685
1510
6609
902
8081
8246
9314
8134
4307
5474
9408
2156
285
301
5079
3968
9711
8927
173
8960
8967
2519
3350
9195
391
9618
2442
6741
9877
4692
3648
1100
9840
4923
1329
1121
1423
112
4694
8195
6550
9388
7943
1206
741
7859
9191
5541
5028
8609
6951
7937
8212
9131
4552
4373
7782
2688
7274
7341
6374
1983
6121
5207
2969
1638
3137
1198
6546
3577
3297
2974
4337
8417
6997
3365
7954
176
1489
2772
2150
7236
5648
1941
5452
4544
8141
5050
5642
175
4276
7372
682
4679
7196
6382
8792
1965
3352
34
4423
4291
3276
9202
9520
704
6892
5396
220
6515
4032
5187
5057
6602
5051
3640
4197
7063
9266
5020
247
4251
8740
9480
182
1113
2484
2334
465
5471
9054
9274
9014
906
849
2463
8843
1716
5177
8916
6840
9827
9596
3996
4749
2607
1477
5345
7635
8305
694
2409
5819
7030
7063
5865
3494
4306
4909
7758
2452
9625
3393
9955
8442
7194
4953
4492
967
7418
8334
8768
3121
3371
524
7857
2716
904
7325
4208
5078
5544
50
4060
6345
9902
3893
7187
6336
6523
4659
7133
6490
1245
6490
5299
7
5889
5873
7728
505
2572
9408
7628
656
8286
5175
817
8679
4452
3222
5891
7444
7344
922
9776
4377
818
3590
6123
7195
1550
6544
8117
9310
1223
208
6248
3137
6912
7614
6760
5790
2780
5333
8792
9500
767
8935
8582
1579
8656
1312
709
7475
8048
5204
3433
1077
9395
297
9639
665
6825
5106
7560
1110
5910
7387
830
8511
3308
8917
5712
670
7157
1499
9675
3044
4126
121
3586
6967
3025
5109
4544
2144
5919
4634
7394
8882
2803
9492
3686
3120
3918
5806
590
3107
4796
6072
3325
9002
3670
1071
8451
3133
3883
426
5944
6622
9442
7903
5656
2852
3077
1071
7195
151
5164
5715
6636
3936
8182
9210
3929
8746
5017
597
5486
5235
6740
1112
2696
357
6359
5698
9168
6900
7572
9730
6049
3995
2596
8680
140
5647
5890
2119
9688
7627
6984
9175
4706
4389
3134
4104
6606
7906
8870
6166
3405
8539
8678
2157
3993
1040
6152
2942
7998
1236
5103
307
1767
5181
566
2390
4550
822
2926
4383
2024
1299
9118
4714
929
6450
6340
4693
4452
7250
730
7633
365
5534
9917
6186
4923
5299
50
6704
9012
3706
8796
5878
6765
7042
960
4716
4663
2183
5809
6505
6364
8948
4540
6607
7541
6791
1969
6390
9156
5534
6791
365
8577
4236
4830
5718
6489
7543
1251
7105
9831
380
1244
2085
6486
7763
7275
80
7374
7176
3852
1938
1381
5610
2545
3998
7150
1287
5504
1546
5440
8502
7754
460
6949
7299
8910
2485
9479
3556
224
2373
3543
4683
6970
5979
4624
8956
3917
4358
9333
7520
1400
2504
6776
636
9240
1309
1609
7157
1088
4642
3
3971
5980
3077
9457
205
2464
7896
1108
9610
3966
7603
5068
2882
2439
9449
9694
4155
1664
97
1692
56
664
5792
1278
3261
3845
940
7697
3460
5575
5041
4013
8454
7088
1848
8223
4208
7867
6365
5164
9523
1230
917
6380
7324
3448
5104
6585
3936
7533
39
317
4902
5619
6612
2466
5438
4287
1194
3182
5268
775
9519
6294
6032
4740
4547
1782
9552
9384
8515
7581
5775
360
7973
6187
5606
5623
5160
6113
5067
6041
9845
3367
2909
512
5477
2205
4756
4765
1694
9632
1588
1315
519
952
1108
3860
9443
5419
2099
100
8685
2930
8769
7614
6107
7446
8211
3316
1680
5761
5664
2213
2942
1808
3011
5130
949
9733
1298
9067
2093
8953
7915
5639
1330
4839
7808
6678
2225
8335
7957
4132
2636
2642
8613
5610
1760
8561
488
1880
5145
1790
7904
9617
9826
5950
2265
2099
789
8736
6945
1585
1672
6855
2271
5107
6965
2830
2056
8360
8339
398
5266
1385
1883
5866
6145
5513
5370
7591
8946
1641
9134
7273
1226
536
3002
5881
4524
535
8072
4409
238
3245
721
5464
4673
5404
4230
6674
9034
4011
7341
775
8274
5873
6115
4277
5152
7599
3736
6938
1168
9994
7760
949
5037
4907
6139
2317
6413
9022
6151
5950
7447
762
8306
8168
5098
7795
2059
1009
4025
7783
7142
6418
5903
923
1230
122
6023
7421
9481
2480
2703
9003
7991
1978
5482
2091
3707
971
9451
2790
8024
5277
1801
7926
6595
3509
1502
9445
5308
2608
9800
8878
8981
1006
5166
8918
8674
3563
2315
1467
7298
2976
1196
4661
2069
8580
2930
7897
9959
9483
4840
3451
9099
2693
4840
9915
9732
6485
7146
7301
9652
2760
2339
4123
1762
5786
5171
8087
787
9961
6793
7633
6817
9412
339
7095
456
781
7512
1068
2197
2954
8058
9458
1141
6434
2685
7505
8467
4702
8645
7879
5473
4167
7129
2255
5704
4839
4128
3590
8304
6724
7438
2043
8800
1770
2093
8253
3818
8400
5593
9829
8748
176
7615
7677
2378
5625
1133
4305
7725
8644
3656
8876
9123
8962
5229
9785
4315
8024
5290
6298
2202
5821
5402
4340
3868
1068
6021
2246
4098
8563
8338
336
2495
7764
2542
3542
1136
810
601
354
1496
9843
9444
7278
8842
2827
4439
6263
2106
8522
2590
3271
8206
7430
722
2036
2608
528
300
6847
1009
3672
9714
5450
6369
1602
3681
410
7589
8640
5105
8508
1253
1604
8987
1822
1558
6158
9707
498
5581
9156
8086
1682
7168
9457
6149
6562
7302
9909
9308
6264
6592
4520
476
9419
6709
731
3056
8512
6995
9170
6712
9007
4047
4169
2575
1911
3563
2811
3699
7888
1519
4082
6776
9220
7558
5815
4809
8816
277
991
715
5420
9283
5563
8037
3346
7371
7408
6798
6925
2809
6225
6219
2639
2924
3875
6950
9428
8835
6387
1374
2183
3507
1914
8495
2112
4542
9083
6058
6673
8203
4628
8070
1963
724
9551
2140
3680
2772
8130
8919
5996
9355
8503
4057
7751
558
5681
60
3862
9534
302
2477
8598
4623
9778
5134
2150
4510
7083
4746
2439
313
1335
5444
9240
3726
4633
4352
780
6696
8820
3264
1664
9410
6894
2275
1436
7103
7660
7889
891
3396
8261
7049
9637
3393
9541
5329
4315
6134
5232
2503
6433
3991
3341
2631
5429
5875
1794
575
7242
5929
3036
7664
649
5338
3257
1594
6258
6290
856
4211
6713
4983
4852
417
9864
8130
1277
9593
3538
5470
1492
7516
8589
7088
1995
8983
9207
3602
2275
5456
5054
7396
1658
5709
9518
561
5614
2476
7623
5135
6306
5542
6189
5659
5867
1985
7770
2320
9152
4449
1589
8913
6253
4269
283
3942
9929
2245
5987
3138
2286
7588
9014
7128
7462
7831
1143
1639
7289
793
9884
4907
4982
1352
7968
7469
7123
2597
9624
8531
295
2328
9188
2777
5135
1279
4081
4293
3420
3398
1868
5626
8205
8712
5781
952
4286
6587
6142
7257
9117
2720
3181
3273
1511
551
1048
5662
6774
2595
4572
3184
988
9464
2651
2283
7883
6312
9366
3286
3708
4227
4330
6629
6375
5237
6242
2160
8645
3667
9272
6513
1622
6609
5897
1837
8375
2534
4479
4973
4289
6710
3498
1752
3510
1182
2517
9756
1577
770
5186
4970
6809
1250
2760
6906
3785
522
375
5699
9554
5562
1002
9650
7398
3281
9660
3964
343
1649
5221
3591
6190
1548
5000
9995
282
358
9030
4465
5805
635
543
6173
9548
6041
6082
9352
1378
8986
3238
225
5073
4234
5506
8379
1616
8975
6015
3365
3620
1328
6393
544
3098
5761
7603
2765
9014
1403
4769
3305
9679
4327
6935
6291
8001
5341
9469
2863
3517
3276
6422
4497
2729
1562
4475
5796
3306
6945
2678
5239
6405
1282
7487
6416
1784
670
6890
4862
3241
8375
1999
8557
3681
6595
6320
7091
4731
6989
5661
8354
1885
1258
636
72
1189
9347
9336
9635
9633
9392
2193
258
1236
6781
3096
4778
4031
5714
7212
7993
7782
4714
9890
5746
3798
511
4476
2336
8347
7858
4543
4829
9080
8491
5504
4461
8595
6008
352
7288
8498
3575
6200
942
5880
8376
6196
8615
2240
1906
2499
3304
1397
2057
2437
8776
7150
8524
315
2931
2611
5498
9708
4253
5443
86
4383
5119
1048
4292
7965
8430
1379
72
4566
482
7563
9089
2828
9735
5887
2610
2148
1914
2393
8001
619
2915
9737
3952
2502
2102
8937
3237
3248
4476
3085
2349
6164
1387
3174
1560
8695
8829
2342
4975
2043
6499
4780
6558
1049
832
2135
7560
6387
3806
9933
5657
7796
4273
8021
6223
458
6220
51
3870
2064
7797
7677
4947
2622
9504
3720
3088
1610
3649
6946
6534
388
5513
6370
9438
9063
9949
7363
3125
6105
4434
8493
4325
6217
4916
7579
1044
2641
361
5631
9111
5403
8911
9882
4899
8140
3431
363
5193
6697
1064
6546
9050
6822
7705
2937
1637
2297
788
933
4927
9881
1310
9874
2848
1314
8334
2083
3359
2754
6566
765
5789
267
3005
9709
4636
1361
8880
5961
393
2401
2156
1867
5312
726
8146
3946
8635
9532
1821
1074
9173
1797
9124
541
6722
3796
8303
3923
3208
1744
1249
6361
8860
8336
9205
2363
4506
5115
7813
390
6786
23
2593
2080
2814
2564
4187
6565
5080
5583
7564
3108
5319
9911
9584
8871
4451
3896
6865
5946
3696
3565
5198
9462
1268
3750
8416
7465
2938
4347
307
2818
2245
9965
2435
7598
9415
1657
3196
3550
6092
198
7428
8886
8974
8148
7110
7404
6679
407
4578
8592
9763
1556
492
7158
2522
791
3590
4320
2999
1818
2724
4805
8202
6475
7378
8095
2013
4392
9268
9416
6192
3223
6397
2437
1828
5127
2211
9064
8025
4119
9048
63
7371
5467
1352
821
4084
7887
1202
9813
9689
79
4455
9338
1455
1138
6503
3765
459
418
1538
4209
2707
255
7515
4057
9547
930
4115
5407
2601
5904
97
9210
2757
6108
9689
7190
9309
5940
9846
4565
6430
3071
912
1596
7364
3449
9352
7484
1950
3490
2232
8188
3806
8941
7933
5739
8734
580
29
4340
5371
5691
6236
9031
6916
3853
790
1673
7130
549
7588
7656
6921
4071
2810
6288
7117
7711
2347
6488
9886
4111
919
6856
5324
9135
5610
5348
2989
7848
8150
4352
843
6228
2449
9419
529
3293
3066
1484
4153
3067
8234
5239
7208
1446
5513
6262
4613
3133
4505
23
7487
9028
6651
3238
2567
2850
2558
6803
7946
2260
441
2375
1656
3925
768
1905
3643
8495
1766
2020
615
6018
7761
5188
3967
5874
9661
4919
5131
9590
5027
1585
2201
6431
6391
7844
3749
9261
237
5156
7947
7105
7367
4281
893
3500
3273
1182
9341
810
6286
843
2431
4477
2805
8663
5363
1876
802
2841
5207
846
7321
5491
7227
4406
3099
5278
2318
3955
4735
1256
6011
7417
6368
8322
2134
6394
9607
8404
5255
7115
5344
1703
6048
8626
6506
8150
3114
9551
2048
6021
7508
138
757
2642
5080
5993
5666
7618
7104
2431
1064
856
7342
9060
7140
5808
405
3878
2940
8105
195
6033
7410
2521
8602
9705
8501
6311
8592
8608
4745
3472
2356
4200
6641
8553
82
9546
7292
4626
8392
8068
6152
3541
3413
8172
9606
7917
3817
8594
4352
3325
1048
4499
9815
2074
1865
9196
2774
8958
8150
9220
1287
299
5031
1845
336
8962
9421
1070
8453
7666
6050
4167
6833
789
265
1438
8751
2524
5005
1210
1148
7292
1283
3675
4308
6741
5008
2789
1574
6498
9697
8108
5087
706
722
1207
1094
740
1471
132
6400
1132
5531
5968
1365
1325
8278
1310
1215
7378
6243
6297
5877
4142
4926
7900
6828
7450
8833
4909
4149
6510
5433
7682
8386
2710
3272
282
6454
2343
4069
3007
5266
1296
410
565
2221
5487
3126
1162
8181
6203
8607
6940
1001
2659
2619
1177
9999
5543
4631
1511
5828
3152
4771
1010
3786
5671
922
1387
9133
5498
3396
9182
1707
2774
8713
6873
8149
507
8620
2932
4457
5042
9417
8026
2392
7023
270
9575
2054
8138
6468
5582
134
3674
1908
2431
6080
9457
4638
9530
9985
7175
5876
1474
1297
267
722
7829
366
4618
6546
355
3563
8375
998
7472
7018
6446
5407
4937
1797
3036
4796
6202
8175
877
2248
5722
4372
3552
94
9489
5251
3413
2471
6108
943
5916
6204
6353
7
2980
2476
2106
7403
7354
2004
9825
2124
5260
9640
8344
6858
8268
8694
3929
1895
3531
9622
5553
6437
2280
5123
2952
550
8823
1329
1792
2216
550
6514
9374
2727
3709
3968
5480
7160
7734
1715
291
7794
4076
2389
7308
4673
8830
7875
2604
140
9977
6490
2809
535
4739
9816
2594
3754
1386
9032
6135
3730
2748
7232
1917
7984
9992
149
4994
2192
3549
7817
8927
3082
2875
5482
9129
4330
8440
7844
6860
8222
5988
6055
7517
5008
7030
9825
8759
2451
4044
3903
8543
7323
3852
4271
9579
6519
9101
9880
8517
8127
3867
9738
6252
4470
5082
6947
6558
3538
1772
1818
5425
7154
5781
6395
8146
4919
266
7660
1622
9125
4990
853
1159
9189
1754
833
1123
6872
8368
9589
2048
7406
1248
4247
5297
6926
2953
4665
6883
6506
264
6826
3250
4100
3532
8919
8197
4998
8069
4084
9297
363
3990
1459
2024
2177
7170
1126
7090
1878
9753
8069
37
6463
4760
9610
6166
9767
7600
1502
8468
4890
2116
9865
1274
8650
7458
4131
7804
9848
8592
5261
655
1948
9975
1320
3620
8430
6376
1571
293
6991
8628
6262
196
4010
20
6980
9960
5666
9139
4232
6574
578
9065
6930
57
6759
3780
9199
5086
3952
4465
2156
7417
981
2054
8271
6771
9325
2598
7756
9498
992
1053
6642
3423
8078
1651
7687
9292
8896
4868
6169
4701
8745
967
4453
6000
6312
8725
9310
6982
1796
5891
6822
1873
9753
9362
2855
8521
5462
4373
8926
8240
7043
7516
845
7942
9968
8255
6088
4559
3755
5570
6169
433
1018
4735
7711
7110
6053
2028
4362
9002
2693
6969
8004
243
7734
9667
49
5991
7695
6408
1097
9614
7699
6251
6745
5943
2938
301
2563
4136
4005
6758
6378
9127
8496
8149
6830
5514
6966
1544
9213
7383
5782
9217
3738
9939
4638
6510
8782
5612
8152
9072
1246
4255
2964
4020
1953
5007
69
1916
2757
5087
3766
1210
604
5782
7044
8050
3620
3880
7748
8427
2073
6389
6358
5097
136
2188
5829
164
5796
4568
9032
254
4806
2156
3691
9090
6974
6883
7466
6387
8802
4136
3894
8391
1525
2248
9525
4087
6806
9041
2730
6584
3095
5624
2338
9922
9296
2761
5457
6847
2903
8262
797
2060
8912
3615
1983
8188
4163
7006
2487
7324
5723
862
6365
3128
9371
9562
4147
9971
4855
9875
3683
2982
9832
7799
6089
8531
8065
1041
90
3218
719
2970
8719
3147
2635
2134
1432
5108
9744
6958
5612
4997
7275
353
4408
7677
9078
3176
9694
2149
5545
5125
3097
6761
7477
574
5194
5565
8810
6649
7268
9451
7330
7850
5455
3476
875
1595
1171
7124
4041
507
4022
4988
7753
6165
444
8573
1921
9537
9993
5081
7121
8990
1651
8223
7900
195
5247
7390
4685
241
6782
4365
6518
4883
4367
3289
5713
7206
6122
4425
923
4297
4362
8506
1736
2241
8647
2522
8197
9908
4321
5363
3930
8150
3124
3137
6649
6152
9534
0
2082
6045
9920
4774
3364
6530
2180
6618
9989
7761
828
5773
4166
672
7228
8612
3167
5538
127
3127
5773
9624
3248
8193
9493
3677
2296
1295
4125
3940
4028
4553
922
1243
4673
8486
6374
817
2282
9664
8905
1430
4364
7477
4114
6614
3109
2845
2174
8812
1785
7774
6084
8796
2914
652
2095
4256
4749
1749
8976
9605
4038
6622
4436
890
6550
1933
4053
770
9916
3651
4421
9967
9628
1138
1612
7435
9334
779
4237
3072
1119
2428
2934
3059
3510
718
2927
2979
6358
1609
5911
3755
6787
972
3872
4547
1953
2973
3033
2363
8646
1974
3084
1140
4625
7822
1396
9118
8464
9179
5062
3389
6617
1904
5562
7396
863
7181
5619
2071
3370
2518
9422
6329
2067
7026
3189
6702
4516
3213
9243
8333
5757
7223
7483
54
7431
7349
4005
6663
3755
3185
1481
5847
6356
5975
8339
2069
9243
7115
2187
1398
5689
1207
7980
7015
4856
1073
1853
1775
691
5164
9174
8150
8296
7182
7814
8469
8269
6251
5507
8206
7297
6175
6862
1849
3386
1057
6502
7148
7129
228
6207
4894
8110
1524
3072
25
1847
6623
7099
5015
6544
2630
4876
3566
8118
2799
5498
3240
6460
3201
3520
3730
6872
9075
91
4903
1340
7753
7726
1321
5669
976
7106
3034
3185
539
6680
2726
396
7902
425
1510
7772
236
9202
1411
210
9839
413
9538
433
2323
5176
3476
4112
5891
4704
8988
3703
2489
8316
7026
5726
5541
3236
3840
9292
1251
3375
1399
507
6459
4486
467
6951
9827
9719
3086
2914
2884
8393
1888
2510
6089
4786
2933
9677
2506
3924
5661
4129
6750
6490
5500
4156
7731
4404
1169
3020
9395
588
7706
2966
99
791
8566
2695
2077
57
5752
9301
5253
1945
8167
1035
3482
8580
9153
4401
7755
7288
8854
4206
2765
167
4145
8196
7078
9295
4446
9444
4155
3981
8218
2937
9864
7322
1148
79
2654
8137
9650
6073
7497
7893
2980
9603
1842
9480
160
5411
4898
1133
4516
6997
8896
2634
3239
2598
4606
9893
8806
5841
8712
5735
8678
6990
1510
2047
3481
4285
2744
3959
7955
7099
6832
3733
6354
8357
5342
4072
5589
9505
5590
8212
2086
1161
2622
6652
4526
1532
9388
2210
8893
2866
7393
5107
3235
3021
2993
7555
9809
1580
9376
8429
2095
19
3204
9628
8899
3345
689
3854
5287
9303
7206
2991
2758
5917
9086
8577
5677
5458
8814
8897
1456
8805
3928
2956
9245
6618
6447
992
251
7221
917
2636
7959
9197
3372
5290
5474
130
9213
8476
4784
3927
8433
8909
9654
310
920
1332
7051
1605
7570
6549
8021
384
7434
8368
7773
109
4873
6701
4280
6253
8430
7542
1645
7763
7209
832
215
4579
3482
9667
9819
4761
9951
5418
9883
7148
7911
3390
1159
7903
9929
7651
3104
7692
7567
6518
1513
8251
9227
1907
6307
7017
5130
4832
9017
6921
1893
6820
9320
770
333
2736
4380
5044
2098
223
737
151
9056
9783
2651
7979
9526
1009
7598
2246
8845
6873
4630
2887
1694
6140
4042
3214
6096
7776
7051
7405
8331
8688
5014
4745
7682
3950
8487
352
974
5249
1235
3332
9139
6227
7472
3864
8077
9552
6572
6403
9016
777
4784
6922
2677
4289
4682
7025
51
2065
4370
6556
3991
5616
5980
2659
5756
4424
9723
8731
8659
4557
420
5172
680
8095
8437
5835
6774
829
6004
267
9694
6361
2787
5723
4719
4708
4992
8296
6412
6394
7002
4227
5505
9667
1146
8470
9166
8557
9186
4349
6411
7756
7299
4514
6520
4357
2371
4537
8319
4217
5053
7920
3787
9738
3717
3745
4110
3617
7997
3227
3888
3395
8311
5766
4245
94
351
1794
8027
3233
3247
5754
7669
6594
9143
4067
1353
3475
6743
1700
3891
832
6762
5563
1517
4711
7153
7949
6923
6163
5291
1570
9056
9555
2867
2237
5853
1230
7890
9951
7411
2394
404
2294
5342
1752
9235
9672
8011
9044
1112
2843
2835
4524
7102
5227
8724
4149
4916
490
9316
5358
79
8488
6042
8501
518
7495
3956
2626
1146
5309
1357
3493
1219
4626
4821
3139
7811
5291
7790
5941
3994
7659
7470
1865
6798
8746
630
4668
475
8508
7516
8187
588
4797
9075
2471
651
7465
1921
9729
8360
5762
5913
6977
6614
9692
8486
3174
8245
1872
522
423
9042
1342
2634
6132
8862
6846
4288
5050
4727
9159
349
9752
5377
3327
2382
7017
4504
8494
270
1495
578
9006
8602
7531
8349
191
6709
7662
2290
5604
8118
6170
8381
3798
9980
9101
9617
3796
4015
3605
7525
5240
4395
7844
1171
5197
1796
5690
9283
8646
6000
2847
3649
9756
3117
4293
6928
6627
8519
7232
3164
9698
2339
477
5048
5341
5787
6899
3288
5491
7797
9190
4509
1546
8762
9039
5334
3715
1371
4320
6700
202
3452
5597
1759
7279
3060
2717
6792
4280
7313
6851
6736
3724
213
3603
1533
5109
3456
6330
5239
1689
6803
1193
8391
3596
3240
1521
6597
1671
9370
3373
1393
8357
3069
962
7570
371
5886
7730
2401
9657
4891
4948
1253
3854
7511
7857
402
303
8245
641
5328
6382
6090
5284
9705
7318
5554
8924
5940
472
4634
2881
8343
3922
8287
5384
6469
2955
5839
6451
1508
4613
1364
8222
6951
6606
3156
3435
7336
910
6246
7797
6972
7834
9815
2492
3927
4448
9033
4587
4891
8481
6706
9385
8543
6383
1265
8144
4512
7764
6380
5834
250
2412
2522
6691
7867
5484
5356
4620
3416
7434
5368
1692
7647
3693
1053
9202
8673
7309
3988
4602
2218
2858
1522
2418
3916
4041
752
6138
2301
4831
5609
5299
5269
9719
7636
7619
2339
7456
7910
645
5092
4795
2361
1894
9929
6098
5648
6153
4059
8492
8114
66
8987
736
9638
3552
4866
1506
5150
2643
1564
8697
9641
9720
1517
4257
5675
1550
7721
2236
8056
4645
7284
9156
516
8096
1945
4844
4058
8172
8755
8845
9002
1586
1647
4348
5764
7328
1128
7058
2494
2599
1817
6663
5855
1843
1471
6306
7604
3874
4443
3388
8453
4590
4711
7611
3440
5160
6619
5669
1707
6232
5140
1035
3456
7480
9456
9539
7808
186
2631
5522
6752
6935
9451
7983
7893
4368
8147
2568
2530
2606
1768
5594
7740
7309
1780
8334
4514
1812
9172
3975
1533
119
508
1795
8847
4307
951
1610
3231
3630
9703
1530
3095
5325
6626
4891
4950
6021
1579
4503
451
4038
6830
2813
8854
9722
9289
2317
8615
6243
7941
253
6649
2689
9447
4379
4572
2350
9886
4578
99
8785
3740
3318
1736
6011
8742
4739
9609
7398
9459
4902
8359
8323
9606
6276
4601
5162
4464
8599
3831
1253
3586
4175
3975
1567
5646
7724
6048
8109
2564
7089
4229
9741
6701
9125
6098
5316
2294
5842
5179
1800
1327
7322
6528
5418
8811
4393
1624
5066
7345
3711
4657
18
2463
2179
8306
4546
2129
4207
5776
1568
8250
7710
9512
4037
6608
1686
5203
8656
8642
9186
3
2707
2794
9391
5480
797
5867
5278
6526
1063
4377
3259
3807
561
444
7867
6758
6207
1654
1587
7557
6366
9478
6321
3868
5381
4297
7822
5430
1308
9802
3772
7961
9135
1768
248
5297
8038
6936
7537
9579
9096
3198
3123
6468
3467
6865
9011
2455
5274
2342
4022
6879
9816
4466
4696
2697
8580
7620
1108
8989
5353
2578
3860
8896
7097
5642
8720
9357
7116
6852
570
7874
4354
2272
6717
3312
2874
2649
3620
6724
2357
1688
9552
7355
9304
4438
3928
2109
2139
2848
6020
623
6430
1162
3826
1184
1234
590
2243
4511
2163
1296
5161
3822
4777
1943
2832
7291
7804
8883
9367
6272
3940
3415
1733
8149
326
7368
4562
5401
571
3584
9285
916
8296
6059
9349
9751
9414
1389
955
9022
708
2437
9392
3946
142
1660
1104
1018
988
4630
1397
7226
9974
667
9109
773
2190
3287
6125
2756
1898
6383
7368
4107
3364
835
3978
6044
5136
7086
7720
1143
2377
4778
8619
7428
9844
3459
6518
7397
2480
4296
6302
5275
5609
5201
4099
5727
4349
5799
7047
280
1772
5237
4829
8240
6567
8462
2685
1458
1970
3748
1650
7778
4658
977
6819
4502
678
9673
8940
3881
6450
8928
6815
3790
6903
3859
7589
3088
2984
1494
6714
7647
3392
1581
3256
5635
6398
3524
1205
8184
3962
945
6190
9750
8840
3686
2308
1470
6758
5883
7096
1060
1293
6203
6355
1581
1262
337
1540
1229
5451
9046
6000
1470
8602
5207
2604
3403
6276
4053
61
8928
5549
329
1198
3459
31
8395
1729
7411
658
2900
5035
6312
8988
131
3776
9997
8856
5401
6997
547
3762
6015
3371
1090
6947
1609
9489
7121
4311
8968
1373
7175
7475
1262
7524
1329
1230
359
1672
4025
6579
3336
5647
5537
4440
4685
9422
6100
6935
2663
4596
4767
706
9970
3341
8214
7615
335
1489
8540
1173
2517
3269
3240
3206
854
1974
494
4377
7612
2829
6332
4039
358
6551
454
3138
1381
3042
8683
3901
9956
2607
4198
899
9859
6473
7038
1550
5903
4982
8920
6950
4587
4475
663
6417
3406
4294
196
8398
51
5391
5744
1334
9884
2769
6261
4964
3875
5419
3608
7197
7042
3881
5087
8453
4650
6208
7770
9524
6336
3088
696
571
6090
1257
315
2468
9282
643
2695
1941
1932
2842
3975
1607
2212
4719
3224
7811
5309
6217
4496
4418
2013
3124
7467
5504
3213
4583
6922
4842
7711
9829
1801
6486
5321
4227
1408
429
1792
7073
4726
7837
4840
8330
8865
3578
2970
9076
6354
253
2283
2276
2972
8960
646
4086
1466
6659
881
5390
5381
6895
1686
6078
6006
6865
2670
1275
5569
4168
7862
3591
7416
4488
700
2336
7706
2100
7877
3367
7960
7167
934
7173
8101
2032
110
1300
9822
7147
5106
6396
3791
6621
9875
9359
1979
4585
6456
3771
4940
803
8293
7212
7687
563
4484
3427
1222
6667
5616
4429
5036
948
2249
7522
62
5550
9837
8043
2044
2139
7786
2602
5585
6679
2029
3449
9141
2913
3914
4714
8787
2154
9903
5637
9869
8690
5061
7899
1623
9401
5110
1374
3626
1232
1879
8025
1598
1492
2903
8582
8947
6739
1476
9974
7168
2589
5870
8874
4692
4121
8847
3525
41
948
954
1437
6224
7774
8545
569
5932
4697
1822
556
8184
5617
1542
2159
8716
4764
4320
1104
9389
2507
9921
641
1301
4290
8991
5102
8841
1569
9906
4625
989
5770
8875
1838
4871
7923
8304
6567
2813
2352
1473
2572
8102
8420
1117
9708
7013
7013
3372
6873
6350
9932
1004
134
8932
8048
8806
4772
4695
7565
176
335
5859
6462
2780
5566
4861
2289
4121
7662
7934
9903
6414
8480
3159
3931
6668
7718
3925
6702
7288
1678
5889
7976
5555
8278
6569
4979
1731
1124
2786
5242
3916
314
1914
5949
6511
7800
5149
111
4943
6724
5916
1233
7854
7941
4722
2009
4883
1434
8663
5971
558
9439
418
925
1871
7067
9920
3226
8768
6686
9651
4737
272
3674
125
4392
5061
7457
3298
115
2597
8922
7610
4250
4923
177
9436
6796
5034
3260
4467
2657
9898
4383
3549
8556
1404
4042
2323
6626
9023
3338
6764
2550
6312
9640
4576
1071
1683
302
2298
603
9780
8762
9215
1110
4662
1475
9434
4135
6818
1929
3497
2762
1724
1775
31
9644
8160
1575
7398
9206
8869
5072
8177
2450
9948
8437
9600
8607
9218
4426
2442
277
3289
4057
3529
6359
3713
6616
3850
3901
6007
3722
9798
5320
817
2863
7719
8425
6968
3771
9484
6520
6397
7048
2105
553
5131
2435
8871
971
5382
8278
8350
2723
7585
5681
1912
4956
6737
1428
7550
2134
3788
8149
2348
7487
727
3331
2532
4973
5452
1853
4837
9083
5893
7659
2214
7549
74
2175
5382
1379
199
6556
4766
1131
7962
9497
6916
1516
9548
1849
5594
9583
8920
99
8682
2146
5810
8228
4703
9081
1879
3299
5921
2843
4514
9631
1577
8552
7869
8225
9270
442
4098
2191
9839
8600
8051
8568
498
9118
8427
4485
2535
1173
5074
7788
7563
5561
7893
3219
80
2042
2839
9196
9879
3371
8804
6277
4156
9353
1836
8447
7893
6403
5726
1361
8200
3683
9036
3142
4993
9168
3573
4050
8734
8797
5968
4280
570
1544
9325
7904
1960
9115
5236
5276
4891
4527
7600
3897
686
6514
5079
6920
1036
6661
1883
8939
6906
8234
4219
4848
822
4989
8211
3142
2073
6465
3076
2161
6156
8869
325
2196
1375
222
545
8278
8979
3203
814
3589
5280
8107
7449
6614
7769
2077
8508
9877
8461
4345
9434
7781
9525
9039
686
5804
8434
9415
2683
5279
9295
680
7094
7541
4331
5651
2068
5685
6448
690
5546
2856
3501
8083
9426
422
8468
3735
2443
8677
410
6070
9206
3648
2208
8973
5571
461
4568
8090
9722
8310
4815
9536
9431
1761
9298
5841
233
2780
3408
3344
5358
963
6157
8740
3774
3823
3193
3500
5299
3124
4444
6769
9338
161
4268
3979
6235
736
4538
7837
2693
8706
6636
4477
1348
8253
6814
1363
819
5542
4055
240
8254
6679
2512
2360
9726
577
6288
7158
1473
9611
4999
292
4027
3173
6457
1120
1680
7139
7914
6323
3836
307
2851
6231
8860
9933
3753
9267
418
5324
6826
5614
5218
9618
2961
2100
3620
8251
5982
5522
7189
3407
2598
5413
823
5968
8743
2027
2970
6399
8671
1371
8402
1271
1948
8472
9085
7908
5308
2411
235
3358
7718
1456
1360
1616
3353
2373
4440
3169
9453
6792
4668
62
4084
1243
8947
1292
1702
2452
7106
1315
227
1190
9587
1349
5093
1495
784
3025
3370
1460
4555
7354
3935
6998
1288
7127
8146
1237
9603
9417
7214
7301
1522
785
1948
860
2220
2549
6142
3041
7501
3275
4315
9889
6451
7642
8274
2603
8306
1847
8427
4276
8413
2552
7502
7507
1953
2140
8060
8594
9811
651
1659
2507
8351
7471
4404
6546
5489
2770
1495
881
5574
5300
2408
6891
6091
1939
3425
1071
7073
9724
1223
3726
4482
1337
331
6122
2612
6273
1932
5748
4311
3552
8243
2534
9338
7321
8547
8454
7843
4945
2392
3090
1710
4363
1176
9318
1596
905
571
9877
1993
7052
9712
120
2976
3700
9251
5054
580
3744
2638
3385
8276
9139
266
7478
5266
5037
3173
9440
5867
6740
7888
6288
1220
3046
2802
5343
128
6907
2015
8954
6534
885
7901
1782
3769
2062
6385
7107
8502
183
4538
1758
4888
3667
394
1548
7799
576
6377
9942
8001
5021
3313
8246
2045
1392
9783
4710
921
7214
8709
3475
7631
7090
5956
1723
5607
6390
9365
1323
8160
4808
8225
9430
3754
5956
796
6533
6981
864
437
6017
1129
5320
1544
6738
5604
4757
4115
9124
8043
7288
215
7166
7760
8666
1874
8070
328
2040
7409
9940
4833
9184
8422
6264
7665
6959
8284
6778
8404
4059
6423
8431
2073
6660
3646
8880
9408
9594
2074
4279
6106
5122
230
2987
1112
6726
5594
6495
5435
1979
3849
5269
5366
4651
7011
150
8879
7839
4219
1696
9583
2150
5742
4494
2465
2428
8416
9344
3394
8629
452
7014
6199
2123
6180
6018
1149
4416
423
6553
6615
4020
8825
9957
4275
7020
3953
3327
710
1976
4307
761
2570
5727
5041
2429
2640
4011
2069
6839
491
3074
7971
2422
9464
4119
8029
3357
9324
8748
8532
6496
9325
5178
793
6840
6616
3208
4449
9748
1357
3038
8474
3470
5973
3439
110
9253
1561
3668
2995
2314
6418
3388
3341
5275
5797
623
5846
1666
4142
7246
4831
5698
9706
6024
186
447
3350
145
905
7313
3232
5293
1855
1127
5508
3441
9150
7701
6925
6733
8467
1693
1730
2749
9758
6974
4145
611
5080
2681
9534
9365
6872
7682
6847
5430
5754
7180
9753
2266
8251
6429
51
2691
6260
937
8495
2181
9935
4750
9957
6067
2815
8511
8406
3569
8524
7457
4946
156
707
1783
5854
4026
7111
1790
1247
7077
3297
6408
3027
1458
4749
7678
4860
7873
2823
4837
6013
1906
6094
2522
7911
119
9694
6850
2713
6242
930
5094
4286
4217
7434
3282
7575
8107
6775
5337
298
5545
6605
8511
2912
5938
854
4268
6695
7938
5041
4987
6005
2133
1006
3258
1566
5193
9007
1521
3105
6371
8389
4525
3045
9039
675
5172
1207
3508
6775
8751
6504
1043
5367
8377
6323
9436
4263
1928
2250
9145
4779
9449
5594
8452
7049
2768
6373
1268
2243
9442
7737
6587
7580
5416
6358
2650
7670
7680
9234
4578
9616
9722
1849
454
8094
6633
3137
641
7065
3420
9209
4105
321
4513
9776
3776
9652
4852
8179
4786
261
3264
5161
1658
5505
8006
1019
5851
1050
701
7926
359
8967
937
5669
3709
1369
6343
9843
8679
1538
1324
9424
6409
1236
7276
7473
1592
5822
8388
4408
3899
3717
9199
7978
1828
246
610
6024
5826
7056
8298
2341
6559
9755
2945
997
1582
3667
6
8737
168
3137
2382
7731
2260
9418
85
6753
9141
8661
1650
9806
4247
4731
7022
7668
163
1873
6206
6495
2571
4487
4266
653
6781
2627
4534
1040
5243
8983
5564
7055
1166
1880
1157
1455
6302
7504
4055
8205
1360
9078
6336
4794
3391
4729
533
2072
4142
4762
2469
8435
9342
5692
766
1372
335
9015
8635
3349
4265
6133
7752
8770
1088
4246
3994
3772
9559
935
684
3252
2948
9544
3161
836
9177
8660
4284
4892
6307
708
2806
4509
2397
9619
1954
9956
3771
6955
3928
4036
106
419
9492
33
2687
8007
9444
8627
6360
8213
5999
7228
1913
8241
6238
5930
6127
8827
2035
976
4798
2548
6510
5525
7114
3116
633
8277
3923
1682
8380
1178
3341
6800
2144
2242
3217
7808
6319
2139
1658
6312
4175
1221
2728
5178
3030
5475
4948
1634
2677
3979
3212
1006
6046
7446
3792
7443
9112
3677
251
2299
960
3560
2300
167
9681
2909
7622
2303
2788
5897
7929
903
7252
3170
5336
1456
9654
635
6180
8050
9254
1442
3367
4381
7386
7011
2590
9002
626
291
3313
5018
5347
9805
9050
684
2860
9861
5669
8855
7378
7743
8828
5120
7537
2372
8743
1496
6592
7481
1667
2795
8933
4455
6076
511
9659
6222
6156
8327
149
5324
3832
7903
2812
5702
9912
8755
5683
3036
6344
1391
6147
7486
6523
9882
1667
4390
7311
8415
6890
1155
7720
2520
2045
1363
8831
5761
9298
7283
4643
2998
814
2792
3004
7498
1997
9749
6627
2986
253
9683
948
7532
4401
7417
9226
3128
4925
9733
9137
4552
6325
7510
326
3956
2972
772
7201
4928
62
7437
930
116
9881
8380
7220
6006
8769
756
6114
4038
4492
3949
4129
7435
9335
312
9350
7641
2489
9682
424
764
6456
1012
4272
54
7788
8411
3901
6548
5289
7510
6140
9863
4884
4277
4381
4662
8830
8698
2382
3972
1590
8843
7298
9058
5571
5141
2849
530
4624
6842
9714
9907
2518
6205
4440
3084
8413
9835
8656
1798
8724
340
5069
3989
6797
4752
763
7338
409
1476
217
7383
6156
7554
6609
1372
9698
8094
2875
3737
1203
9323
7171
6774
8281
4969
4981
1137
4811
3155
7327
9395
5998
8969
3753
1939
5177
1568
1482
1348
3265
2996
8813
5642
8481
4601
8108
9634
5924
9988
6134
8537
9630
1070
6506
6065
4254
5414
5342
8729
7763
4554
9734
7859
6240
5432
6909
715
5010
4901
415
966
4208
7055
4773
5480
3096
6302
5159
5981
1230
6485
732
5943
8753
3802
6792
8529
8654
3252
3417
6892
8908
1511
5703
3337
7728
9056
7881
1204
7218
3699
4420
4840
6839
9785
1563
63
768
8771
9400
448
6122
1262
6255
3715
2249
2961
7564
5516
4288
776
4734
2456
8214
3482
3170
3166
7934
1623
3063
9018
7234
1969
3632
8757
6880
6165
3420
9001
6425
3805
2409
1977
7520
716
6424
6678
4282
5989
2279
3853
6716
703
9892
1402
4380
2451
9782
6574
4304
2080
2237
9266
1580
7189
6755
1428
9427
9750
7310
1888
4227
7849
4601
6351
3767
3155
6196
4999
6617
870
537
5358
6961
9222
2921
3598
4598
8577
7059
1007
2520
8404
5308
3932
7370
6710
7342
5363
9599
3051
5053
8949
3160
2313
4316
1902
7453
2305
118
3204
392
9312
3488
2184
6582
5819
4235
2795
2014
481
7483
184
6878
6214
9018
1734
8746
9643
3163
2335
4412
5016
6153
3898
4139
2536
2052
6265
4842
5435
8298
7195
912
4447
9329
9176
7281
4619
1498
9749
7857
3550
5414
9506
2676
5302
809
1253
5208
6968
3635
8338
8482
9815
8545
7450
2039
8972
8414
9609
6607
9632
9220
769
8962
9914
1292
5181
2460
3747
2251
1653
7412
1612
136
7217
567
3479
514
1339
3505
5781
1972
745
9431
3
6423
8487
8714
2465
8481
2554
8519
3758
7300
9906
9348
3636
1072
3910
2570
9226
4037
573
7533
6947
4306
6765
7257
127
7812
2150
2480
7951
9346
9308
9287
1878
1638
6089
7179
9665
9133
1544
8053
5638
9654
8064
2445
3213
7174
2019
7327
7993
2297
7696
8085
3242
7149
8506
114
1776
3484
1429
6254
5960
7101
3540
8403
3561
9043
2228
5625
2437
8986
8621
7455
2825
9806
1074
1506
7019
859
6049
8380
2931
2426
2520
7393
2545
7586
5409
5585
375
168
536
9206
1781
557
2010
8190
7946
7369
8162
8352
4889
422
4295
9813
1615
1576
6607
5080
1119
6287
2388
243
4183
8274
4391
8868
5619
3496
9563
4139
960
960
2378
854
4007
5549
4846
8253
5721
6818
6078
1989
5577
2189
8209
9367
9599
7789
6913
4789
1878
7171
4572
8549
424
6469
6130
5919
9667
5026
5110
8083
7181
2567
622
5303
7418
528
743
347
886
7157
7323
207
3955
6538
5801
9041
2602
7897
9041
3555
5101
1517
1499
384
3363
3899
1222
649
503
5035
8153
4133
5616
1731
2678
8102
2035
5363
7134
5134
2987
4394
6099
6317
5395
2938
7508
2445
8833
1331
1485
2775
7325
3295
5105
1898
5674
6436
4688
6637
4596
5780
1472
27
430
3685
7374
2533
8157
9804
6790
9283
8667
5961
447
4146
9612
4921
7625
8003
373
5307
7059
9054
11
3550
4091
6166
6060
3335
2311
7319
2388
423
5524
7922
8703
7045
4497
7749
6959
6433
852
8861
9711
4435
5395
7039
444
147
5804
6672
297
2582
4006
131
6117
5539
7183
9883
1490
3143
3630
4549
6167
6863
3499
6720
6989
2346
3793
4866
5856
2471
2819
88
5052
4417
2224
4876
840
4088
6054
6383
8820
5288
1248
4552
3204
6689
7923
4905
6983
5525
3442
7241
192
2519
8950
733
2481
5843
2790
3873
606
6627
9916
8302
9536
5058
846
4886
5344
3405
2689
2618
1351
317
1398
7750
9559
5494
9560
8858
7226
4366
2343
1109
3014
2139
2438
9140
74
3233
9167
3644
5699
3081
3920
4577
2544
9311
5714
6085
5636
9439
859
9453
4956
6897
9223
5917
9741
2000
7058
9389
2324
2151
1853
6747
7543
6584
4124
3593
9385
7242
2254
6730
1352
2199
155
3465
171
300
8656
9940
6153
6290
8012
6067
5356
6558
4801
9186
6048
6267
9059
9236
5487
1729
4270
3044
5436
4126
7734
1504
8290
2213
6852
2261
9748
8622
2337
5134
8054
2973
8946
9617
4837
7764
5187
7066
2119
3035
6940
1837
8628
7286
6722
9726
7999
1609
8320
6674
9219
1365
1605
6166
5623
2043
7786
3229
1759
5143
588
4964
7012
4826
597
8661
3393
44
7746
3656
732
4697
4752
9849
4770
8098
3351
997
3043
3382
7271
8413
5953
5599
198
6761
4910
8538
7263
2511
9178
8002
9046
1173
7604
4200
8413
6549
7847
6025
3476
8452
7634
827
2834
9483
9409
7841
521
9059
1662
3139
8717
7805
1770
7057
1188
3823
5261
2360
2360
3306
2420
6666
8096
2787
7042
5204
5925
2748
4696
5304
9860
7001
4488
472
3323
2588
1038
1769
6677
7653
283
4638
3239
2356
9707
6029
1689
7612
50
5516
30
7946
7596
6952
7152
9395
1692
7368
3387
4792
4520
214
1051
2340
9022
8438
7776
113
7252
4736
1222
2381
2428
8245
7454
3466
4109
4391
7546
5315
5175
1800
2184
7407
260
1403
2323
9151
899
8642
6794
1075
5392
8000
2149
8006
199
6925
8493
1550
4015
2438
3072
1074
5720
7411
4950
4462
3730
9639
7243
9448
2323
5692
9802
1913
2024
2764
6672
6752
5085
5007
9215
6288
828
1604
8178
4123
1023
6218
5157
2459
1447
4132
9639
6371
3013
4528
9289
3666
1554
5902
6148
5671
1508
5074
4031
6730
94
1773
7934
4720
9595
5997
2038
1158
1002
2842
9625
3999
3461
9640
7010
9314
9407
5265
6157
39
5398
5778
153
9454
441
9884
8961
2541
1715
1292
9791
8060
1032
4257
8394
6646
4732
4482
1028
4945
5982
2227
8233
833
8888
1820
8253
9385
858
7850
2201
5210
2247
6883
9788
8143
4291
1723
1254
952
8473
2989
7246
7162
1505
3219
2409
9589
7330
3796
65
7020
379
3097
8916
6789
2462
3701
1599
5511
4771
8596
8719
5264
7609
3121
2859
1448
7197
5292
3367
8906
57
8365
6503
2742
2937
3119
7554
2522
7652
7809
5987
5137
6814
6224
9409
4292
3226
3269
4831
3615
7483
1077
96
7860
7454
2218
1854
6557
7166
1320
4063
3495
2083
7303
2256
3116
6768
4311
3493
7824
7639
5082
7796
1555
8750
6021
9808
5381
759
1445
5270
4887
1205
3640
2997
1597
3722
7078
6610
8732
9850
5544
9625
5854
6444
1278
2930
5485
8564
6673
6189
8222
3598
1190
7422
5535
4227
8312
7758
8431
2316
3707
8756
9890
6041
2116
3057
7207
9603
8963
6086
2513
6300
2362
8624
6480
2962
8051
2586
6803
6847
9554
8770
6261
2023
9702
3185
9982
2156
8958
7432
3995
9480
557
1948
8846
3418
5542
4743
8395
6320
457
5857
3392
3863
7378
1562
7400
7754
6357
5201
2656
7934
247
7144
4469
1514
8648
2165
1050
1550
1364
7034
5085
7554
6178
3014
9027
6864
3532
481
7532
859
654
302
6625
2100
6045
1998
4233
3212
7655
5872
858
3829
9203
7915
5891
68
4927
117
2297
4305
5546
3560
4413
9407
5332
7197
8286
3277
2620
2672
754
2207
5339
7955
5141
955
4450
9118
2408
770
6927
1049
8913
9466
6837
7250
1937
1193
8356
6728
5784
9296
6060
3466
1776
2369
3038
8215
8385
2317
4892
4068
9138
9307
8087
6540
6296
3507
6651
3216
7697
4820
592
8604
4228
2160
6120
5362
272
858
9310
5665
3601
6953
6855
4477
4298
8689
8013
4606
5198
4794
3739
9910
6523
4926
4969
2678
9763
1664
5050
1324
8325
7365
9609
6064
8166
6208
9418
9160
5431
8207
5164
8292
2541
2646
9900
8268
5721
3037
3713
2241
4666
251
6645
8914
7838
1622
6751
1160
5424
2553
3548
6279
705
3840
3198
9037
5529
2578
8257
2012
3759
620
4409
3689
8211
9722
5954
7647
1480
1073
6794
9041
9757
2584
968
6985
7794
871
2948
7867
9793
1642
5516
7393
9381
9053
6358
8022
9305
6900
1233
6938
2190
2465
2081
7192
5197
175
7091
7770
7534
2115
5808
6135
9493
475
8766
7733
9886
6625
7632
835
8759
1968
5787
5776
582
8382
3585
5713
4789
2924
4393
4266
5689
1445
9754
1411
1129
3235
4449
7311
763
9863
3600
552
720
712
2042
6884
3958
435
9172
8846
4435
7312
5322
7773
6811
3159
579
1390
2838
4227
1080
3052
210
8631
4032
4045
8752
4906
4234
9067
179
2514
3659
9843
6622
9728
9326
5867
1774
5396
2502
153
9330
6762
1078
6826
67
4727
4386
4387
7531
9611
7720
8708
6514
9704
5990
3734
6815
2705
5645
227
4757
8322
4985
7352
4081
1267
4017
1072
6796
2551
1567
506
3655
959
4014
3034
8609
7765
5068
6020
3954
9248
3680
8761
6890
7987
1560
7909
216
1173
1536
6616
3083
821
1370
6609
2633
344
5306
555
7008
5957
4507
3914
9975
4368
9838
7828
9411
3614
9317
8084
7071
9111
7604
7287
5475
519
1748
7762
4904
1895
3347
3794
900
8030
1852
6305
2081
9183
4170
4538
649
9578
8254
3426
8433
1973
9439
1676
1906
8931
5187
2323
6573
4696
8557
6779
8443
7440
6157
6604
766
3330
1640
6442
5286
8305
9952
3314
7530
6289
844
8631
9998
1673
725
7661
4575
2082
9888
6110
5625
5550
3669
1657
915
663
3981
2999
6087
3589
3601
9306
4179
2295
7636
1723
4293
7544
8680
1003
9940
65
4010
3887
6294
373
318
9585
6833
8247
8888
2316
4281
5751
2857
7616
2683
177
1052
6925
4962
6213
6425
3074
9658
4037
4528
9689
9841
5555
2336
3047
5256
5087
1184
483
3838
1949
7154
2424
6328
2952
3328
7507
5988
1158
2608
6102
6799
6027
5507
725
1090
3510
6186
7030
8110
8847
2312
2474
8140
6249
869
3208
1433
9209
7119
5672
501
6515
6632
233
1236
2550
9487
7931
147
3703
2607
1163
9195
8214
8554
4651
7483
5783
9162
1849
1952
5472
3074
2966
6515
7912
5733
5937
1722
8586
4964
2997
997
9225
8035
2767
9696
933
6169
3821
4134
2627
6738
7204
8080
2699
5666
5250
27
4713
4740
237
8368
8687
6787
8123
2528
8849
2403
7279
3143
3427
726
9586
2445
7604
1970
4839
7776
7515
1956
5991
2139
9231
5625
6639
5554
9459
5330
5407
915
8471
3935
8238
5998
9234
9014
3469
9665
9463
220
4437
961
6122
3253
218
8786
2097
6399
938
2157
4714
4628
8783
7191
5675
3297
7329
8134
6423
3717
5543
1595
3198
4964
8470
6770
5271
7506
5628
2829
6604
405
1266
8962
7142
4779
6072
1175
8607
2795
3832
7388
2936
3502
4784
2802
8345
8969
1776
4732
4293
1430
8557
3283
8084
3624
6934
2441
9076
1402
8866
8184
8435
1474
7809
5336
1681
8759
3098
9869
2348
5121
1821
2499
4689
4489
8000
4283
4755
3544
6742
6309
581
1280
9956
8761
5244
4171
1342
3618
2785
5887
9837
9316
5013
5020
6787
5048
6148
1752
7945
9054
2161
1431
2731
7147
9855
5386
6998
7606
1051
5496
1864
7253
7846
9652
9552
8039
793
3759
6205
7163
1358
1910
705
4626
46
4191
3017
7920
8562
4282
6213
4456
4280
6924
6943
8842
2913
8738
5103
9151
5132
2006
9010
1104
5776
8928
3944
3406
8977
9524
5458
2308
8922
4033
5116
6238
6692
213
6406
549
1479
3831
4517
7970
5610
3611
1005
7632
3335
1608
2336
5815
3265
8174
6375
904
2317
7514
9186
8013
6003
5510
5678
4497
1465
2017
9319
6482
7965
8962
9318
1690
1961
8322
6978
7652
3832
8364
2836
3163
3383
2920
839
4292
7679
6349
9499
6143
4911
745
7770
1616
7330
7619
2196
9999
6763
9606
151
9420
6281
1705
4030
4051
1456
2513
1585
4769
5164
8404
8522
1555
2258
4548
8716
5439
1157
4240
6767
9476
7499
5549
3408
7547
5832
1869
1231
880
7016
7235
3350
8026
7041
9296
9255
1633
7455
7302
8975
9034
9478
3091
820
8328
6793
6793
9444
8623
3548
647
4748
2503
20
3474
9693
8482
1565
4823
915
2345
2450
9350
4777
4420
2209
8045
6400
2857
9764
8313
9297
2418
9841
761
9457
1689
603
3113
6358
9463
4231
3528
6573
4541
5093
4197
8907
9958
9122
4432
8049
3604
5709
5556
3667
1179
7833
5941
4616
571
3909
2848
9953
2234
7638
3400
2850
4031
9373
8079
2503
4855
4086
1285
5355
5330
7061
5106
4899
4017
4814
819
6
1137
5649
4155
5627
6977
322
4220
9984
1273
7663
7520
2569
7810
6712
5189
674
2464
8323
8288
2542
8612
5527
6502
4447
5331
3751
3660
6409
5832
6820
9209
3189
1274
7908
4861
2984
1137
1795
8501
3315
2791
6495
5687
4396
3189
7832
7146
146
8705
4796
6242
7442
7748
9365
8029
7476
1803
9945
879
9374
8798
9305
6945
7611
9359
963
2922
903
5690
6517
9138
1700
1630
5255
1679
8656
6787
1369
9183
9140
4517
4064
161
9982
7576
8331
8197
7389
7076
8425
5895
7755
3825
6922
4836
8627
5486
3455
8053
1634
2323
9897
5875
1601
8734
875
1735
7301
6507
4979
654
8056
9771
7137
2234
222
8929
8401
4217
2478
513
7530
2105
2773
3429
4640
1768
9437
1953
7781
972
8427
2243
9890
8679
7636
7300
223
214
460
4005
2010
8451
5564
90
1244
2725
7628
5862
6112
9080
5513
8083
8513
7163
4958
6196
104
1708
3941
3264
2468
4887
932
8309
1592
9013
707
1305
3918
8477
8933
2618
8833
5201
2560
6851
6007
4946
7150
299
8917
4678
8612
7084
2353
3027
2828
4788
4647
3354
475
3841
7450
3390
9441
3999
5343
4743
2578
9277
8272
6933
4866
2779
8340
1788
3196
4472
7721
3960
3587
5881
8806
2313
7797
5840
7732
6334
583
7580
3541
5315
1553
2484
1301
2648
2470
8740
6329
2953
5463
4771
5005
4716
3961
376
8078
9692
4828
1250
8977
8290
4603
4640
5678
5869
9068
4522
5027
6136
3582
811
8487
5772
7914
5391
771
1722
1328
9049
2257
3719
3720
8489
8982
6081
323
2916
873
463
1010
5785
9816
9093
6470
902
359
8765
508
8497
8716
647
9459
1958
1703
8821
3166
1806
5734
7020
9674
8718
4770
5326
3034
4593
1691
837
8267
5120
2462
9422
450
4925
9025
5895
5444
3219
8748
9404
9692
1436
6304
6444
7714
3836
684
1952
3281
8215
380
7421
6987
9754
4791
8230
834
9485
3224
2980
3352
7063
8018
2118
1551
1951
3962
191
2611
9721
3472
2954
6092
4182
4301
7098
7495
1240
6815
2525
8657
7692
5914
3579
7859
8255
8976
7313
1416
3437
3974
6088
4742
5053
5924
2025
3755
9994
5680
6151
8654
6383
5350
8405
17
7636
9126
7394
6757
2267
9546
7367
6071
4057
9598
6265
3468
4614
5641
8950
3830
6047
2048
2960
8989
8566
7638
5964
4855
8493
1408
8063
5197
9406
254
2174
1345
478
5028
6751
186
2311
9978
2145
6265
9073
516
6784
3720
8644
9153
4202
8727
4468
3582
9174
7690
4527
535
6036
1901
5523
9003
9678
1459
4189
7991
7964
599
530
7209
7009
4136
746
390
9761
6062
9980
4530
4493
6937
686
5883
2820
3326
8359
9734
8339
2191
2490
4317
4337
6770
4582
2006
6955
5576
3481
788
9991
2052
2338
7911
6312
2179
3449
401
7737
7885
9195
244
8669
9678
359
5034
6337
3813
8881
9870
841
1508
1522
8323
2238
5456
3727
4397
6134
6539
8206
7031
9165
5359
9281
7041
1001
4837
9474
9026
9910
9015
3819
3852
855
6871
6093
2535
6455
7459
8313
5394
7026
7924
5449
8979
8163
5889
5040
2789
9281
2465
3699
1713
7958
6535
7458
7386
9622
9381
2883
9760
6484
2476
369
9831
1886
2559
5927
6452
3357
6396
2062
227
2071
7214
5288
7296
7318
4462
2110
8797
5914
6745
6173
9988
7787
8818
1529
57
175
861
6902
702
6012
3917
3299
1499
721
2892
1612
7597
2958
4974
958
2115
4922
7995
9636
4383
3531
7041
9424
9477
9512
7235
287
1354
1239
4718
7286
3121
8836
4960
4220
4480
8511
2743
2699
2104
287
8748
5957
5357
5693
8087
8582
5306
365
2393
3931
2048
2315
6244
724
8842
6821
741
4594
4470
7910
1707
6666
1072
3400
4071
4426
1849
1908
1351
616
9289
2697
4767
1101
9870
5166
3458
3848
7288
8898
7285
8848
5340
4235
290
398
7500
5469
3434
1589
9221
7920
9049
3694
5483
2204
492
2115
9376
1723
6805
5135
6922
1857
9289
8384
8324
9416
832
255
568
1207
1815
5972
1530
9333
5187
6709
4997
792
6077
5137
3975
4509
5141
8310
5418
2066
6972
8881
2851
6723
5806
8785
9792
5757
616
6239
7576
9706
4812
632
4468
203
6734
9395
8692
8514
7090
6952
3964
3615
9605
4820
7764
9191
5647
4766
644
5210
6252
5872
1477
8090
1329
2354
71
8408
4521
7883
1657
751
4347
8060
8621
8229
4331
5364
2142
5185
3634
1804
9303
1131
1876
7604
2497
2106
7759
198
2735
1300
1879
6488
2154
9011
3653
8791
9082
1360
3385
86
1228
9191
4801
2763
9950
2837
4309
8779
6301
881
8104
863
1148
4961
3796
8351
9334
1843
666
837
5164
6151
3638
4758
2576
6486
7675
2458
6587
9094
4883
5493
9298
2201
4083
6591
2393
6127
962
4979
7546
6113
726
2031
2138
6416
7629
9244
8891
2683
4846
4343
3271
1064
9832
9924
2731
3911
7231
2615
3846
2674
9562
8463
6592
932
9731
759
9629
3986
6816
6456
4609
2764
701
3558
6045
4217
6794
7388
8213
9129
7072
1703
8876
7759
5740
2298
4040
8405
8088
4158
770
7604
4402
8151
7501
9366
4000
3025
8808
7261
1014
1937
2185
4387
6290
8743
2101
3207
8086
3755
9794
5814
3785
3940
2857
2467
5290
7361
8863
5274
5343
3164
1877
2188
8132
1574
2197
243
2600
6940
5690
3154
6459
593
1785
4414
2080
1001
3627
5793
5918
5035
4615
4144
180
2970
5268
6591
3077
3280
3189
6654
8958
7061
7507
1498
4767
6352
1079
2161
3796
3149
3768
5473
3410
4727
2184
8393
4699
3565
7923
952
202
6856
3522
2821
4112
4218
322
5993
2310
8356
1272
7598
2841
5086
200
6452
9708
641
7578
9063
5214
1365
7847
378
6116
255
9103
117
719
6437
4290
5863
1283
2494
4651
6957
6958
809
4203
9538
9041
3321
4717
1564
4535
128
4662
1594
784
586
173
8940
1231
310
7884
4191
3240
6609
846
3647
5528
1869
4919
6210
8845
8912
662
4854
8820
8678
5570
2043
9846
5181
1121
9000
5187
6431
660
8892
1002
2284
6147
3136
2819
2939
991
1966
3704
4216
9044
7682
6658
3549
1818
7969
868
1670
9480
1665
6758
4407
6514
8409
8538
443
8059
1134
310
4072
3792
4263
165
5171
4127
3911
1917
5957
3123
17
6113
8005
901
9792
2415
6137
3129
1483
6346
4766
8078
6158
5386
1058
7474
968
7314
5921
8962
8071
496
675
7166
7817
8257
4344
5048
4521
3917
1534
7567
7686
8437
6943
7687
7117
5759
9223
877
3919
1987
96
5435
888
8236
2910
1375
2226
6115
5859
9399
952
8170
1356
7456
9749
4908
7377
6846
9245
4882
1029
3066
2812
208
4499
1532
2516
8785
8896
5807
9460
3622
973
5012
3983
8668
4507
3184
4266
1440
3054
3893
3839
7820
4893
9130
3130
4859
9217
2015
3774
4965
3417
9561
1282
9179
2504
6574
3410
9729
814
7967
9614
5395
5375
1502
9407
6361
3135
4017
9409
2641
756
6873
2966
2946
4475
8551
8445
194
861
7428
3301
7194
2464
8125
2061
9945
1434
1513
6710
7361
3582
3434
3333
1945
4111
5354
1982
1276
6450
9880
4230
2647
985
481
4367
7637
4035
3702
2609
2049
3735
7089
1316
6919
5174
4810
6001
3954
8096
6387
9863
203
2099
9483
2107
4532
4213
9970
3976
1387
8940
1332
7789
823
3327
993
602
2660
1664
4135
9339
6393
9703
4738
7226
8316
7708
1056
8715
1923
5371
7998
8058
7999
1586
6778
6495
580
4553
2992
300
6708
296
649
7792
2717
1981
9434
3480
1196
7573
8818
8806
3357
8152
7129
7956
1990
978
5924
16
7081
3600
3183
4894
572
9611
4785
1710
7833
2264
5766
2007
872
4351
6551
1446
7262
5726
1796
5313
845
2407
1785
2708
4725
1970
9996
2854
9548
6713
5198
6742
2779
4235
4994
9203
8701
5069
616
384
7329
7667
2052
9651
1632
9175
4837
6170
5493
2616
7886
7586
4369